-3.143363165112166939e+02
-4.581655227282685416e+01
-6.386515427552888013e+02
-3.272791725926385880e+02
-2.477003596955047158e+02
-2.156011206074647930e+02
-2.103879505225340552e+01
-3.421690364326663598e+02
-1.757293926424665642e+02
-2.860485361060767104e+02
-4.040804481178228258e+01
-3.912900418047237849e+01
-3.897162967077973121e+02
-1.556005188848457976e+02
-1.478492467723345101e+02
-1.733406687553456749e+01
-1.958806749401964282e+02
-9.611637496017570470e+01
-2.086972934771984853e+02
-1.248123961359318059e+02
-2.488675782432368351e+02
-3.322261895569177454e+02
-2.648295636785894089e+02
-2.229757205192774450e+02
-2.098593407758660305e+02
