-3.183866892315529071e+02
-4.770708511618574477e+01
-2.902766854643668353e+02
-2.371957506093363861e+02
-1.720815779596812547e+02
-2.127580428872563232e+02
-2.802566746597291285e+02
-2.505704870929113213e+02
-2.030753460651098408e+02
-1.275822092031024368e+02
-1.320754364364485980e+02
-2.303199615302857239e+02
-3.683632218620900289e+02
-9.297134486147326982e+01
-1.660317299808267819e+02
-1.556255766792039594e+02
-2.764577778473455396e+02
-1.581054487145935070e+02
-2.168721100573546607e+02
-4.898989333819861258e+02
-4.885940976380938849e+01
-3.017686227064580180e+02
-1.406298380962643932e+02
-1.542650361338565688e+02
-3.511552863644063791e+02
